0 588.2346801757812
5 600.8472900390625
10 616.8209228515625
15 632.1683959960938
20 645.788330078125
25 656.7567138671875
30 664.5046997070312
35 668.871337890625
40 670.0130615234375
45 668.212158203125
50 695.2921752929688
55 718.7136840820312
60 735.6444702148438
65 744.2716064453125
70 743.5001220703125
75 733.1228637695312
80 713.7820434570312
85 686.7697143554688
90 661.6356811523438
95 681.662109375
100 714.8295288085938
105 729.0070190429688
110 724.0235595703125
115 704.211669921875
120 711.6698608398438
125 713.4415893554688
130 706.23876953125
135 702.8368530273438
140 697.250244140625
145 689.3276977539062
150 678.9826049804688
155 666.3045654296875
160 651.6417236328125
165 635.6187133789062
170 619.0792846679688
175 602.9750366210938
180 588.2346801757812
185 600.8472900390625
190 616.8209228515625
195 632.1683959960938
200 645.788330078125
205 656.7567138671875
210 664.5046997070312
215 668.871337890625
220 670.0130615234375
225 668.212158203125
230 695.2921752929688
235 718.7136840820312
240 735.6444702148438
245 744.2716064453125
250 743.5001220703125
255 733.1228637695312
260 713.7820434570312
265 686.7697143554688
270 661.6356811523438
275 681.662109375
280 714.8295288085938
285 729.0070190429688
290 724.0235595703125
295 704.211669921875
300 711.6698608398438
305 713.4415893554688
310 706.23876953125
315 702.8368530273438
320 697.250244140625
325 689.3276977539062
330 678.9826049804688
335 666.3045654296875
340 651.6417236328125
345 635.6187133789062
350 619.0792846679688
355 602.9750366210938
