56.01		3.88E-6		0.26E-9
55.81		3.62E-6		0.29E-9
55.61		3.38E-6		0.17E-9
55.41		3.10E-6		0.29E-9
55.21		2.45E-6		0.8E-9
55.01		2.07E-6		0.1E-9
54.81		1.88E-6		0.12E-9
54.61		1.72E-6		9.60E-9
54.41		1.58E-6		9.75E-9
54.21		1.44E-6		9.01E-9
54.01		1.34E-6		8.57E-9
53.81		1.56E-6		8.58E-9
53.61		1.36E-6		8.38E-9	
53.41		1.20E-6		5.43E-9
53.21		1.01E-6		7.24E-9
53.01		82.4E-6		5.80E-9
52.81		77.77E-6	4.57E-9
52.61		64.8E-6		3.71E-9
52.41		52.4E-6		3.38E-9
52.21		40.6E-6		2.59E-9
52.01		29.8E-6		2.18E-9